      double precision eu2,ed2,es2,ec2,eb2,et2
      double precision mu,md,ms,mc,mb,mt
      parameter(eu2=0.4444444444d0)
      parameter(ed2=0.1111111111d0)
      parameter(es2=0.1111111111d0)
      parameter(ec2=0.4444444444d0)
      parameter(eb2=0.1111111111d0)
      parameter(et2=0.4444444444d0)
      parameter(mu=0.005d0)
      parameter(md=0.007d0)
      parameter(ms=0.007d0)
      parameter(mc=1.5d0)
      parameter(mb=1.d0)
      parameter(mt=2.d0)
